0.05113407618913405 0.037287079069608944 0.07648175170719612 0.08031215837677377 0.0696245395344531 0.060720391584353085 0.1194160818931894 0.09842650873650835 0.08261542359553328 0.06337311885201322 0.044322249108639696 
0.05678603023458839 0.12857070670837106 0.06374574101790689 0.05876205927339835 0.11649828821371885 0.12930909719100475 0.17298666703724289 0.09286865310782913 0.0520876461569951 0.06691301892873731 0.08528359852211938 
0.09622418088161194 0.03893866145760654 0.07092838006983833 0.049875060117697934 0.0855334139000954 0.11255771811525458 0.040659081540642156 0.03946186334182705 0.08386375041596081 0.11574413001387643 0.12905413854277403 
0.09123886627845611 0.06566824298473073 0.053765452130915194 0.03397698507127371 0.07138920845016555 0.07012678375339906 0.030989953194188125 0.08059479622034914 0.0256580441263365 0.07777456084941652 0.06065060702376492 
0.08555392727028743 0.04578186041485435 0.07716609943433506 0.07335701124785822 0.0718715403650934 0.1372666005444687 0.03464768071409542 0.11794215507826586 0.09573635382068427 0.08831054477959706 0.07217016705865825 
0.1202193780484932 0.15508101472124783 0.0690981808780187 0.11675999824104624 0.06959383397482138 0.11544097966491706 0.10382856488486253 0.039644267076048526 0.12178774192302758 0.0847797105636231 0.0956377905468214 
0.07697707008997721 0.05006968423999496 0.06805523010110837 0.08596394216521253 0.10641866117633278 0.04736538248888557 0.11784642994134653 0.07267759978604862 0.044873566974571476 0.14051483506471835 0.01945511583311213 
0.08009049485372657 0.08517627063719155 0.06577868217277198 0.1059314355708551 0.13796540467461424 0.08189916992751158 0.08106346620230276 0.11376093224161303 0.08075384635144205 0.09499333891685353 0.13109373744553235 
0.01705293133038218 0.09845404933854623 0.04829835552548517 0.09347378869610434 0.03320061225563266 0.09330317870571522 0.0861126346165745 0.028703969296928197 0.12477734272519572 0.0736389192742392 0.09331081281493835 
0.05445780324604015 0.10837170116089156 0.05759347317946924 0.10833604000692354 0.09634324976221774 0.03975911328907088 0.06624766765413731 0.06920572923975969 0.10959971243107858 0.061844019016570384 0.08311097291084509 
0.07600987551005897 0.11609254439735717 0.08266177748512653 0.11064662292890537 0.10714662679832986 0.10252156454543516 0.06030462836766317 0.03348648853159315 0.0796150931676249 0.09402067594204805 0.02053160998536923 
